0.283783 
0.173046 
0.117655 
0.106214 
0.097875 
0.064970 
0.040711 
0.028294 
0.022218 
0.019646 
0.017828 
0.004391 
0.003592 
0.002572 
0.002528 
0.002262 
0.001995 
0.001863 
0.001242 
0.000976 
0.000931 
0.000798 
0.000754 
0.000533 
0.000488 
0.000399 
0.000310 
0.000222 
0.000222 
0.000222 
0.000178 
0.000178 
0.000133 
0.000133 
0.000088 
0.000044 
0.000044 
0.000044 
0.000044 
0.000044 
0.000044 
0.000044 
0.000044 
0.000044 
0.000044 
0.000044 
0.000044 
0.000044 
0.000044 
0.000044 
0.000044 
0.000044 























































































































































































































































