0.210652 
0.140419 
0.096126 
0.065133 
0.054315 
0.044604 
0.041766 
0.040348 
0.032323 
0.028642 
0.027800 
0.024963 
0.023633 
0.022347 
0.016982 
0.015208 
0.013124 
0.012326 
0.007626 
0.007493 
0.007316 
0.006828 
0.006296 
0.006074 
0.004346 
0.003192 
0.003015 
0.002660 
0.002616 
0.002217 
0.001907 
0.001818 
0.001596 
0.001552 
0.001464 
0.001464 
0.001330 
0.001153 
0.001108 
0.001064 
0.000975 
0.000975 
0.000931 
0.000887 
0.000798 
0.000753 
0.000709 
0.000621 
0.000621 
0.000621 
0.000577 
0.000577 
0.000488 
0.000488 
0.000443 
0.000399 
0.000399 
0.000355 
0.000310 
0.000222 
0.000178 
0.000133 
0.000133 
0.000133 
0.000133 
0.000133 
0.000133 
0.000133 
0.000133 
0.000088 
0.000088 
0.000088 
0.000088 
0.000088 
0.000088 
0.000088 
0.000088 
0.000088 
0.000044 
0.000044 
0.000044 
0.000044 
0.000044 
0.000044 
0.000044 
0.000044 
0.000044 
0.000044 
0.000044 
0.000044 
0.000044 
0.000044 
0.000044 
0.000044 
0.000044 
0.000044 
0.000044 
0.000044 
0.000044 
0.000044 







































































































































































































