0.209173 
0.190257 
0.124931 
0.089316 
0.085532 
0.055545 
0.043182 
0.041798 
0.038477 
0.034693 
0.031187 
0.016425 
0.007289 
0.005535 
0.004060 
0.003692 
0.001846 
0.001754 
0.001660 
0.001660 
0.001568 
0.001476 
0.001016 
0.000830 
0.000646 
0.000554 
0.000462 
0.000462 
0.000370 
0.000370 
0.000370 
0.000370 
0.000276 
0.000276 
0.000276 
0.000276 
0.000276 
0.000184 
0.000184 
0.000184 
0.000184 
0.000092 
0.000092 
0.000092 
0.000092 
0.000092 
0.000092 
0.000092 
0.000092 
0.000092 
0.000092 
0.000092 
0.000092 
0.000092 
0.000092 
0.000092 



















































































































































































































































