0.156992 
0.103995 
0.095340 
0.085664 
0.077143 
0.075100 
0.068221 
0.052064 
0.040924 
0.033777 
0.030226 
0.029117 
0.028407 
0.023436 
0.021838 
0.020950 
0.011007 
0.008788 
0.004172 
0.003773 
0.003374 
0.003284 
0.002707 
0.002574 
0.002442 
0.001909 
0.001864 
0.001287 
0.001243 
0.001243 
0.000932 
0.000666 
0.000443 
0.000399 
0.000399 
0.000355 
0.000355 
0.000311 
0.000266 
0.000222 
0.000178 
0.000178 
0.000133 
0.000133 
0.000133 
0.000133 
0.000088 
0.000088 
0.000088 
0.000088 
0.000088 
0.000088 
0.000088 
0.000088 
0.000088 
0.000088 
0.000044 
0.000044 
0.000044 
0.000044 
0.000044 
0.000044 
0.000044 
0.000044 
0.000044 
0.000044 
0.000044 
0.000044 
0.000044 
0.000044 
0.000044 
0.000044 
0.000044 
0.000044 
0.000044 
0.000044 
0.000044 
0.000044 
0.000044 




























































































































































































































